36438.6027
36437.1242
36426.0059
36261.545
36247.4784
35701.7786
35578.829
35536.8532
35414.1257
35409.0988
35202.7214
35184.5351
35128.6047
35113.2006
35113.1636
34562.3754
34537.0281
34536.2691
34528.5522
34466.0581
34458.5999
34454.2229
34304.7121
34291.1047
34197.4106
34197.3859
34142.8628
34082.8969
34065.6316
34058.0422
34052.8474
34023.8158
34020.7923
34002.3481
33925.7479
33783.1323
33783.1313
33774.1964
33774.0143
33768.1102
33766.6516
33702.3098
33692.9758
33689.8379
33431.0612
33418.3446
33401.8369
33394.7759
31897.2568
31652.9446
31453.2949
31451.5038
31440.2233
31431.66
31285.7697
31276.0087
31262.6247
31226.226
31109.3356
31094.4304
31093.5846
31093.4304
31091.7127
31089.9959
30928.9775
30842.2425
30822.5919
30806.1957
30783.5183
30748.242
30624.4431
30597.6053
30596.0903
30548.4199
30540.2564
30536.9516
30484.7438
30463.8513
30400.5461
30399.6758
30093.9957
30085.8355
30085.2459
30085.0263
30083.594
30073.294
30060.0589
30031.5455
30016.7382
30013.4084
30005.708
29988.3252
29966.3049
29965.3897
29962.5641
29944.8215
29943.1397
29929.801
29923.8008
29920.9638
29879.797
29879.0988
29878.5276
29827.8273
28892.3263
28888.8584
28886.9365
28885.04
28865.257
28862.2727
28857.2866
28854.2617
28800.1669
28799.1736
28792.9866
28767.2123
28762.8597
28436.1667
28426.5207
28374.0118
28372.8335
28264.3854
28171.4908
28112.3773
28110.757
28096.143
28095.1018
28031.3059
28025.6477
28007.2455
27999.9753
27982.2955
27981.5219
27981.5153
27768.6289
27768.5453
27704.2968
27703.3867
27703.1087
27701.2293
27634.8127
27445.0528
27422.8803
27308.5094
27232.5545
27226.7471
27225.2473
27203.5595
27203.5595
27174.9307
26923.6734
26903.4619
26800.6208
26742.4371
26679.7825
26678.2536
26654.8623
26654.2805
26566.9064
26308.837
25991.2996
25827.3212
25672.1911
25571.3236
25571.0565
25569.5649
25568.029
25555.3423
25544.1599
25543.5394
25541.0628
24778.922
24778.3951
24738.9911
24701.5513
24696.8884
24565.644
24524.0462
24520.1583
24511.6627
24503.396
24493.1922
24486.2837
24486.1604
24484.1285
24467.3798
24463.7563
24369.3206
24367.975
24334.5534
24329.2738
24327.7442
24128.494
24104.3846
24099.963
24098.9683
24098.0421
24023.0286
23975.2988
23525.9373
23520.7515
23506.2443
23506.1757
23495.8837
23434.9171
23418.4414
23418.1878
23416.9671
23400.9602
23273.4888
23273.4888
23226.0567
23189.0192
23146.4857
23045.8825
23045.8825
22869.7853
22861.9138
22826.1239
22820.0306
22753.9078
22753.6238
22753.6238
22541.2018
22489.9885
22489.7966
22489.7966
22482.9763
22480.2357
22441.9252
22432.7436
22425.6443
22358.6542
22357.9428
22333.0296
22333.0242
22332.968
22332.8838
22312.6545
22312.0098
22275.0404
22242.7631
22201.5921
22192.3692
22126.9057
22116.9997
22115.1421
22103.0367
22053.8219
22035.8569
22035.8566
22035.8566
22034.3667
22034.3667
22034.3667
22031.6715
22030.8564
22017.0531
22017.0531
22017.0531
22015.8856
21929.4925
21928.4023
21928.2662
21927.7084
21927.2767
21927.2767
21907.563
21883.65
21797.3976
21786.7135
21778.0564
21671.0833
21670.0281
21666.5181
21666.5181
21664.9792
21662.5712
21660.5333
21653.2535
21641.4905
21552.0228
21541.3844
21539.9092
21505.9207
21502.8513
21433.1829
21335.5808
21334.4816
21319.4224
21318.7881
21279.1946
21278.9651
21278.9651
21278.9651
21273.0756
21273.0756
21269.5842
21269.5836
21254.1916
21254.1916
21252.562
21217.6298
21210.4658
21209.0981
20968.0308
20954.262
20949.7451
20935.3195
20935.0311
20935.0311
20926.5569
20883.1076
20877.9251
20818.5711
20816.3421
20816.3339
20798.8632
20779.5794
20779.4697
20747.98
20717.0677
20696.8938
20687.574
20685.3465
20608.2047
20608.2047
20597.2018
20590.4951
20590.4951
20589.743
20483.0452
20470.7266
20431.8234
20424.0893
20424.0893
20407.5618
20406.5819
20364.7996
20185.8741
20145.2729
20136.8774
20136.4711
20135.2818
20026.9348
20025.3509
20021.2096
20018.3128
19977.695
19976.6797
19907.422
19784.6164
19769.5856
19757.8599
19738.4158
19731.6915
19730.8266
19729.975
19728.4966
19723.8813
19705.1591
19703.4295
19697.426
19689.6982
19675.842
19673.9286
19653.4651
19635.6842
19620.5257
19586.433
19583.507
19583.0999
19567.9319
19567.7141
19567.4823
19563.2576
19558.4839
19510.6394
19508.5236
19496.5409
19491.2761
19483.4122
19482.6009
19479.6855
19470.5086
19470.0664
19423.8621
19418.2926
19400.6158
19374.9794
19287.5023
19279.9899
19254.0666
19169.2387
19160.8917
19134.1499
19133.4607
19129.9087
19121.6662
19064.2187
19061.0541
19059.0597
19057.7023
19011.3109
19003.9349
19003.0991
18995.601
18993.0772
18628.3019
18589.6344
18566.2774
18566.2714
18563.9031
18534.0752
18514.8116
18489.4416
18399.1612
18354.464
18352.134
18287.2952
18284.8805
18275.0273
18270.4472
18269.9312
18261.9368
18235.9828
18128.2405
18125.9775
18115.1878
18111.6878
18111.5737
18068.945
18067.1903
17943.7297
17921.1442
17914.7423
17913.7849
17901.7104
17889.4566
17887.4827
17735.5225
17735.2564
17730.2026
17721.6831
17718.9833
17709.8697
17622.4231
17614.5869
17460.6255
17459.1549
17451.2468
17442.361
17441.9024
17429.65
17422.5882
17410.3
17409.9573
17402.4313
17398.9403
17394.8049
17374.2613
17374.1994
17373.441
17366.6755
17356.6653
17353.8788
17343.6392
17331.3331
17319.154
17313.5991
17303.2432
17282.0379
17281.5487
17278.2519
17278.1931
17162.7362
17162.5957
17161.8227
17085.5949
17080.3573
17076.0311
17073.6537
17073.2583
17072.8157
16994.6516
16987.9141
16986.6953
16977.1042
16976.4478
16970.4539
16968.1743
16944.9507
16935.4787
16910.9926
16899.8269
16886.3658
16885.8556
16858.6985
16842.5736
16817.7295
16811.2044
16809.1805
16767.5372
16760.0368
16756.4529
16750.3782
16723.6773
16712.1537
16643.0313
16626.7522
16624.5886
16624.5886
16623.5379
16577.9745
16575.5538
16573.4697
16572.7269
16568.6845
16548.8854
16540.0756
16533.7821
16533.7821
16532.3867
16530.7045
16524.5842
16520.7496
16520.7496
16520.124
16519.3998
16519.3998
16490.5386
16482.3718
16446.7593
16446.429
16446.3834
16443.7804
16442.0477
16358.4897
16336.4511
16309.6174
16308.4873
16307.6839
16293.5457
16272.0115
16269.0879
16269.0879
16268.6939
16268.5994
16251.193
16241.5544
16239.6519
16210.9819
16182.8972
16182.8972
16181.0004
16181.0004
16180.8555
16179.9194
16178.8528
16178.626
16178.626
16145.0977
16145.0977
16145.0977
16143.401
15851.9175
15843.1849
15828.0274
15817.972
15803.9782
15767.0939
15767.0576
15762.3054
15762.3054
15755.81
15736.8883
15733.1055
15733.0735
15716.0009
15712.7766
15712.3476
15703.6319
15703.6155
15668.4237
15667.5896
15667.055
15664.7732
15591.5246
15591.4738
15574.5647
15535.9001
15532.9444
15311.6696
15294.6072
15285.6333
15283.8164
15283.5986
15272.1323
15252.7415
15252.4132
15233.4532
15233.4532
15232.066
15231.2509
15213.0351
15197.2012
15188.6566
15181.4064
15176.5388
15171.8159
15169.4203
15163.049
15152.915
15139.9495
15139.6281
15137.2915
15137.2915
15089.9666
15081.6864
15081.4713
15078.9208
15078.8693
15070.804
15033.4007
14984.1183
14977.581
14972.7589
14948.5023
14947.7428
14946.4885
14935.1804
14934.4797
14931.2348
14928.7771
14926.5129
14923.6355
14917.5999
14917.5999
14835.3778
14835.3236
14752.097
14746.9711
14745.2999
14736.8268
14735.9158
14735.884
14732.0029
14732.0029
14729.2384
14728.7667
14728.6154
14711.9174
14704.575
14704.575
14695.7324
14685.0418
14678.9177
14675.6012
14667.743
14659.5305
14651.2081
14650.5873
14644.4806
14547.939
14547.939
14544.5299
14544.5089
14544.5089
14539.9685
14539.5764
14537.2034
14492.1162
14491.9345
14472.5542
14460.8662
14460.4075
14454.2943
14402.5724
13408.4615
13404.6732
13403.4884
13378.6917
13378.1701
13378.1487
13369.2954
13368.9894
13366.5622
13361.6926
13360.0255
13359.4552
13349.7563
13346.2929
13343.7174
13341.285
13338.4265
13337.4548
13314.2587
13312.4116
13312.4116
13277.6483
13277.6483
13276.9961
13273.7783
13269.8108
13269.8108
13265.1393
13263.7193
13263.7193
13263.7193
13255.114
13246.8674
13189.1397
13186.2047
13184.6337
13158.8428
13134.9588
13132.5876
13125.8715
13122.2246
13122.1948
13119.3763
13098.5155
13097.8855
13096.7949
13051.2915
12960.9572
12955.388
12955.388
12949.7555
12944.7814
12944.0008
12944.0008
12942.7878
12910.5222
12910.2407
12903.5528
12901.3749
12901.2905
12897.1177
12896.6252
12896.4539
12896.1495
12896.1264
12890.4844
12889.0397
12889.0397
12888.2191
12888.1138
12886.7416
12858.604
12858.2268
12855.8236
12829.762
12809.5249
12808.7592
12808.7592
12807.8817
12802.9552
12802.6962
12802.3174
12802.3174
12802.1336
12796.0903
12784.0749
12776.9232
12775.9656
12772.2067
12769.9766
12768.3285
12760.3212
12758.735
12758.735
12758.5592
12757.3483
12756.631
12754.6778
12734.1746
12718.2764
12715.4124
12714.9049
12680.6689
12675.5341
12674.6992
12674.2793
12672.8394
12598.9475
12597.4016
12592.279
12579.8148
12552.8032
12552.8032
12551.8413
12532.2771
12516.9309
12516.9309
12496.4133
12482.0498
12478.1029
12471.8653
12460.884
12458.8572
12458.5061
12456.9838
12456.9838
12456.8828
12454.4731
12429.1716
12428.8537
12428.8537
12428.8537
12427.8054
12425.7027
12416.6781
12416.6272
12416.5265
12415.1382
12415.0636
12415.0636
12351.0022
12350.5305
12346.8602
12340.3191
12331.2956
12331.2045
12325.4821
12324.3553
12324.3553
12323.7836
12314.4754
12311.0807
12293.9689
12293.9689
12293.8195
12293.6288
12262.064
12261.8557
12260.7506
12260.3501
12259.6623
12259.617
12259.2507
12259.243
12254.142
12251.063
12248.0561
12247.2732
12243.85
12238.8784
12236.908
12199.8613
12150.0253
12150.0253
12124.036
12110.4838
12108.0805
12106.4101
12094.5969
12085.2156
12085.1815
12065.3972
12065.3972
12064.9063
12064.9063
12001.6088
11936.7575
11936.7561
11921.4348
11921.29
11914.9509
11913.9777
11913.7718
11913.7718
11912.2142
11910.8414
11910.8414
11910.1107
11909.978
11909.9735
11893.8182
11893.8182
11893.8182
11893.8182
11889.8196
11853.9142
11853.6467
11853.6467
11851.3423
11851.3423
11849.3876
11849.3876
11848.933
11848.933
11777.384
11777.384
11741.3089
11739.7148
11739.7148
11714.4739
11709.714
11665.0379
11660.4624
11656.4699
11656.2463
11654.6308
11648.618
11643.6673
11636.9828
11636.0728
11635.6028
11635.6028
11635.4879
11635.4879
11635.2501
11635.2301
11632.1921
11625.968
11625.9649
11623.8624
11615.4427
11615.4427
11615.4427
11615.4427
11614.6317
11577.5424
11576.5895
11570.2836
11570.2836
11570.2836
11570.2836
11558.2393
11551.3339
11551.0463
11548.8124
11547.1214
11547.1214
11547.094
11546.4998
11541.4076
11537.0172
11533.3597
11533.2575
11491.391
11491.391
11491.2735
11457.9277
11435.7929
11435.7929
11424.3879
11423.4193
11423.0877
11422.5119
11371.154
11371.154
11362.7168
11348.7327
11335.8571
11332.4326
11332.3738
11332.1942
11322.8653
11296.2422
11296.2422
11295.4232
11295.4232
11295.4232
11295.3531
11294.7882
11293.1925
11293.1925
11290.8774
11290.8774
11289.8844
11289.8844
11287.3049
11286.5396
11282.2551
11279.8774
11279.1062
11279.1062
11279.1062
11277.0867
11275.7119
11269.4114
11269.0339
11268.8274
11249.0619
11199.83
11197.9878
11174.2321
11173.5793
11088.1106
11086.8293
11085.2022
11085.2022
11021.3168
11020.4365
11017.5395
11016.5721
10957.9189
10957.3672
10956.7879
10925.7892
10921.0649
10921.0649
10918.1893
10914.0907
10910.4275
10893.9687
10892.5651
10884.4396
10882.9512
10881.4442
10872.967
10865.1476
10854.6936
10852.56
10851.5442
10845.8567
10845.8113
10845.8113
10844.0434
10843.4087
10842.7554
10830.0586
10801.1985
10770.5622
10770.2643
10758.8424
10753.6185
10752.2693
10750.0707
10750.0707
10750.0707
10749.9269
10749.9269
10749.9269
10747.7154
10702.1344
10689.3031
10645.7766
10644.7653
10643.0451
10639.3889
10627.2798
10626.8477
10626.8477
10618.4257
10608.0989
10608.0989
10607.517
10607.517
10604.7998
10603.869
10602.7132
10599.6892
10598.2027
10563.8844
10535.1562
10535.1097
10534.7195
10531.0923
10529.1518
10514.3423
10507.1462
10507.1462
10507.1462
10507.1462
10506.8394
10501.1822
10501.1822
10497.8966
10497.8966
10497.8966
10491.3996
10491.3996
10478.4206
10478.3295
10478.2692
10478.1118
10476.7405
10470.1457
10469.3726
10469.3726
10453.8609
10420.8025
10419.0266
10419.0266
10419.0266
10418.9903
10418.9903
10416.919
10413.041
10412.9467
10405.9066
10405.8819
10405.8819
10405.2838
10405.0412
10401.1732
10401.1732
10400.9776
10400.9776
10371.9795
10371.9749
10371.9749
10371.6572
10370.4747
10370.4747
10369.3923
10369.3923
10364.7157
10364.1921
10364.1921
10364.1921
10364.1921
10363.9459
10363.9459
10356.5216
10354.1226
10351.2342
10351.2342
10350.905
10348.1137
10348.1137
10348.1137
10348.0129
10332.3056
10331.488
10331.488
10331.488
10326.8468
10326.8468
10326.1625
10326.0375
10320.9186
10320.9186
10320.1587
10319.602
10319.602
10319.602
10319.602
10319.602
10319.602
10319.0733
10318.4186
10299.372
10299.372
10295.348
10277.4975
10276.2432
10274.2727
10267.9665
10267.8338
10265.2725
10264.5649
10264.5649
10264.5649
10264.5649
10264.5649
10255.4272
10245.4747
10232.9972
10225.9093
10225.9093
10223.002
10219.2947
10219.0718
10214.3919
10209.941
10173.168
10173.168
10162.7864
10162.5921
10162.5921
10162.5921
10162.5921
10162.5921
10156.6776
10153.894
10153.7324
10152.1356
10151.126
10151.126
10151.126
10123.588
10110.5131
10107.0977
10107.0977
10107.0977
10106.4686
10099.9709
10095.8924
10095.8924
10095.8924
10095.8924
10095.8924
10095.8924
10081.7583
10081.5794
10081.5794
10080.5299
10079.4347
10078.295
10078.295
10075.6227
10075.6227
10075.614
10075.614
10073.6583
10071.1183
10071.1183
10071.1183
10068.264
10067.7157
10067.7157
10065.6305
10065.4312
10065.3283
10065.0473
10065.0473
10064.8552
10042.636
10037.3414
10037.3414
10037.2588
10036.6543
10027.4761
10019.1877
10018.2218
10013.3679
10013.3679
10006.6735
10006.6735
10000.7238
10000.7238
9999.9741
9999.9247
9999.9216
9988.4072
9988.4072
9986.1935
9986.1935
9985.7886
9985.7886
9985.3271
9985.3271
9985.3271
9976.2568
9976.2568
9976.2568
9974.6919
9965.0564
9957.2329
9943.4844
9924.3468
9922.3452
9922.3452
9911.4283
9910.9038
9909.6764
9905.0265
9901.7717
9898.3795
9896.5325
9892.8323
9890.9231
9890.9231
9887.4122
9859.6729
9859.0511
9795.5148
9789.5217
9789.5217
9783.1133
9783.1133
9783.1133
9781.1737
9781.0657
9773.8068
9773.7083
9772.5505
9772.5505
9772.5505
9771.7032
9771.7032
9771.5245
9768.4998
9759.2929
9759.2005
9757.5958
9757.5958
9757.5958
9753.341
9752.7965
9752.4312
9752.4312
9741.7812
9741.7812
9738.5853
9738.5853
9738.5853
9738.5853
9738.5853
9731.8235
9712.6266
9712.6266
9709.002
9708.5739
9702.6118
9696.8534
9696.4152
9693.9643
9612.0252
9605.5673
9605.5673
9597.4206
9591.6652
9591.6551
9580.057
9579.1699
9578.432
9569.4556
9566.9493
9566.0016
9565.1832
9563.5631
9561.3345
9561.3345
9561.3345
9560.1157
9557.7806
9557.7806
9549.152
9541.3472
9541.3252
9541.3252
9541.2098
9538.5856
9534.9087
9533.0986
9529.9249
9529.9249
9527.4237
9527.4237
9523.3087
9520.1475
9517.1655
9517.1649
9512.0183
9510.8158
9510.8158
9489.5722
9489.5722
9488.9529
9486.0248
9480.2955
9478.9875
9478.9875
9478.4095
9478.4095
9478.4095
9478.4095
9477.5913
9477.4446
9454.4783
9447.3108
9447.3108
9445.3767
9445.2802
9444.664
9442.1576
9442.0995
9440.5292
9438.8159
9437.9914
9437.9914
9437.16
9437.16
9436.9939
9436.9098
9434.5415
9433.9839
9418.3635
9418.3635
9411.5066
9409.0515
9405.2268
9404.0789
9404.0789
9404.0789
9404.0789
9404.0789
9394.344
9394.344
9394.344
9394.344
9390.8318
9390.2528
9390.2528
9390.2528
9389.5661
9389.5661
9386.5746
9383.8209
9380.7517
9379.9821
9379.9821
9379.9821
9367.2685
9367.2333
9363.3478
9363.2954
9360.7162
9360.7162
9359.1285
9353.3247
9353.3247
9353.2819
9350.5944
9350.5944
9350.5944
9346.5744
9337.0987
9336.751
9336.751
9336.751
9336.0542
9336.0536
9336.0536
9331.2005
9330.9613
9330.9613
9330.2556
9330.2556
9327.7055
9280.6316
9280.6316
9280.6316
9280.6316
9265.1281
9260.988
9260.988
9260.9166
9259.4959
9259.4959
9225.278
9225.278
9225.278
9225.278
9222.7056
9221.9084
9221.2909
9221.2866
9219.8311
9219.8311
9219.8311
9216.2599
9195.4054
9191.4795
9191.4795
9191.4795
9191.4795
9188.2633
9187.7615
9162.4406
9162.3929
9159.4796
9156.4868
9156.4868
9156.4868
9156.4868
9155.398
9155.398
9137.6276
9132.6156
9132.613
9128.0247
9128.0247
9126.3921
9122.9306
9122.9306
9122.9306
9119.3805
9119.2179
9118.8544
9118.8544
9108.1117
9106.0098
9066.0765
9058.8482
9058.7383
9056.9851
9056.4374
9046.6063
9045.5245
9045.5245
9045.5245
9045.5245
9045.141
9044.6551
9042.8578
9041.5563
9039.1934
9015.367
9014.0509
9013.8285
9013.8285
9009.9558
9009.9558
9009.7915
8935.0079
8935.0079
8931.9882
8931.557
8929.7866
8928.2242
8925.7872
8925.7872
8925.5469
8925.5469
8923.3606
8919.788
8919.5308
8919.5308
8919.5122
8913.5685
8901.1657
8900.2782
8899.7532
8897.4152
8897.4105
8896.8142
8896.8142
8896.7584
8896.7034
8895.8501
8895.7244
8895.715
8894.9335
8894.8204
8807.1345
8802.3442
8802.3442
8799.5214
8789.9633
8787.0879
8785.0767
8784.2371
8783.2518
8783.2518
8778.5144
8775.126
8774.8979
8774.8684
8773.5714
8773.5714
8773.3329
8772.9074
8772.8119
8747.1555
8747.0698
8747.0698
8747.0698
8741.0556
8740.5955
8739.5881
8739.5881
8731.5665
8731.5665
8731.5665
8729.7814
8729.7814
8729.7349
8729.5639
8721.1581
8721.1581
8718.346
8718.0542
8718.0542
8717.8758
8717.8758
8717.8758
8713.2912
8713.2912
8711.9538
8711.5188
8639.4423
8639.4423
8639.4423
8637.908
8637.908
8636.6323
8636.1399
8636.1399
8636.1399
8636.1399
8632.9561
8632.1338
8632.1322
8632.1322
8632.1322
8631.9443
8631.6411
8631.4238
8631.1889
8629.8621
8617.4568
8617.4568
8615.0077
8608.7326
8608.7326
8608.7326
8608.2178
8607.2191
8604.9059
8604.7138
8604.4664
8604.4664
8603.5538
8599.2144
8599.2144
8599.2144
8598.5046
8598.5046
8598.3281
8598.204
8598.112
8597.4386
8597.1248
8594.7247
8594.7043
8594.7043
8492.9729
8489.7265
8489.7265
8459.0224
8449.3752
8446.7255
8445.7861
8444.181
8444.181
8443.0245
8443.0245
8437.7655
8430.8589
8430.2724
8429.2093
8424.093
8417.1735
8417.1735
8417.1735
8417.1735
8417.1735
8414.1926
8414.1926
8414.0206
8413.9254
8412.8107
8412.4389
8412.0626
8411.9683
8411.5831
8410.6955
8410.6395
8410.2729
8406.8634
8406.8634
8406.7076
8406.7076
8406.7076
8406.7076
8404.2566
8404.2566
8400.4228
8396.5051
8395.7099
8391.2899
8391.2899
8390.9179
8390.9179
8387.5063
8387.3769
8386.8845
8386.8845
8385.7223
8385.7223
8384.7637
8384.7637
8384.051
8384.051
8383.9187
8382.0845
8382.0845
8380.0357
8380.0357
8380.0357
8377.209
8377.209
8377.1794
8376.8034
8376.575
8370.9158
8370.9158
8364.6784
8363.5904
8362.6585
8362.6585
8357.9075
8357.9075
8354.9607
8350.8746
8350.5443
8350.196
8349.9265
8349.9265
8349.8282
8348.3659
8347.1097
8345.7592
8345.7549
8345.3839
8345.3839
8344.8077
8344.8077
8340.1522
8337.8727
8336.0936
8336.0936
8334.3388
8332.2374
8332.2374
8330.4325
8329.9855
8329.9855
8329.9198
8306.1808
8306.1808
8305.1406
8304.3011
8304.1572
8303.4671
8300.9935
8288.367
8288.3227
8288.3227
8288.0718
8287.3063
8287.2511
8285.6487
8285.6487
8283.9439
8280.6147
8280.0898
8278.801
8277.7266
8277.7266
8277.3989
8271.9859
8271.8534
8271.8534
8270.194
8269.4632
8265.7561
8265.7561
8265.7561
8265.5473
8265.3435
8261.5863
8261.3465
8261.1887
8259.0564
8257.1154
8256.4069
8256.4069
8256.1263
8253.7029
8253.7029
8253.7029
8252.003
8250.0707
8249.4026
8249.1157
8249.1157
8249.1157
8249.1157
8248.9236
8248.9061
8248.8867
8243.4514
8226.0425
8226.0425
8226.0425
8226.0425
8222.7004
8221.3331
8220.2001
8217.2167
8216.9677
8216.9677
8211.2295
8210.6929
8210.6929
8210.6105
8210.6105
8210.6105
8210.6105
8210.6105
8210.0827
8207.6235
8196.0702
8196.0702
8166.0907
8165.0717
8165.0153
8165.0153
8164.2848
8164.2848
8163.8658
8163.8658
8163.8657
8163.8657
8156.0894
8155.1984
8154.2748
8153.9566
8153.9566
8153.9566
8153.9566
8153.5263
8153.2804
8152.5358
8152.206
8152.1181
8152.0673
8152.0673
8138.2778
8137.0796
8137.0796
8136.453
8136.453
8135.4594
8134.3907
8134.3907
8133.6903
8126.9231
8126.9231
8126.029
8126.029
8125.7173
8125.3965
8124.5046
8124.3229
8123.6789
8123.4798
8123.4765
8123.4765
8123.4266
8123.3379
8123.3379
8123.3379
8119.765
8119.765
8119.765
8110.4216
8110.4216
8110.4216
8106.9372
8105.9267
8105.4368
8105.4368
8105.4368
8105.4368
8105.4368
8105.4368
8099.2546
8097.8268
8088.1618
8088.1618
8086.7165
8086.7165
8086.5733
8086.5733
8086.3026
8086.3026
8086.168
8086.168
8084.2537
8083.3633
8083.3633
8082.6192
8081.0169
8081.0169
8079.0539
8073.138
8073.138
8073.1124
8073.1124
8073.1124
8073.1124
8073.1124
8073.1124
8072.3297
8072.3297
8072.3297
8042.7693
8042.4676
8039.755
8039.755
8039.755
8039.755
8039.755
8039.755
8037.335
8037.335
8033.7497
8033.7497
8032.9597
8032.9597
8031.2464
8031.2464
8030.9514
8030.9514
8025.7362
8024.5128
8021.9753
8021.9753
8021.6902
8021.6902
8015.945
8015.62
8014.9812
8013.6525
8013.6525
8013.6525
8007.9505
8007.9505
8005.8652
8005.8652
8005.8652
8005.8652
8005.8652
8005.8652
8005.8652
8005.8652
8005.8359
8004.8596
8004.8596
8004.5932
8004.5932
8004.5196
8004.5196
8004.5196
8004.5196
8004.5196
8004.5196
7994.3943
7993.9858
7991.1096
7991.1096
7991.1096
7990.4635
7987.7227
7986.7047
7977.7968
7960.7548
7957.4988
7955.2959
7955.2959
7954.0315
7954.0315
7954.0315
7940.2792
7931.8568
7931.8419
7931.8419
7931.6743
7931.6743
7931.1969
7930.1958
7930.1958
7929.8797
7929.8474
7929.7948
7929.7747
7926.8568
7926.0646
7918.1012
7918.1012
7918.1012
7918.1012
7917.9321
7917.411
7917.411
7915.5523
7915.5523
7913.041
7911.8608
7911.2072
7911.2072
7910.2956
7910.2669
7910.264
7909.7643
7906.1532
7905.4057
7905.4057
7902.8841
7902.8841
7902.8841
7902.8666
7890.6082
7890.1482
7890.1482
7890.1482
7889.8958
7889.8958
7889.8497
7889.8497
7889.8453
7888.7841
7888.4728
7888.4728
7888.4728
7888.4728
7888.4728
7888.4728
7888.4728
7887.7785
7887.7785
7887.7785
7887.7614
7887.7608
7883.8357
7883.8357
7879.3798
7877.5046
7871.8741
7871.4125
7871.4125
7871.4125
7861.8329
7861.8329
7861.8329
7857.5203
7854.374
7853.4732
7853.4732
7852.7371
7852.7371
7849.6382
7847.534
7847.4524
7847.4524
7842.7654
7842.7654
7842.7654
7842.7654
7842.7654
7842.5233
7842.4702
7841.1755
7840.9992
7836.6517
7836.6517
7836.6517
7836.6517
7836.6083
7836.1219
7835.0537
7835.0537
7833.7035
7832.95
7831.5269
7831.5269
7831.3386
7828.3475
7828.3475
7827.8991
7812.6974
7812.6875
7812.6875
7812.6875
7812.6875
7812.6875
7812.6873
7812.6873
7812.6873
7812.6873
7811.7277
7808.352
7807.9517
7807.9517
7807.9517
7807.6403
7807.6403
7807.3022
7803.0281
7803.0281
7802.6154
7792.9048
7792.4861
7792.4861
7792.4861
7791.8378
7791.7084
7787.6856
7786.988
7786.988
7779.09
7777.7032
7777.7032
7775.8164
7775.8164
7775.6122
7775.6122
7775.6122
7775.6122
7772.1937
7771.124
7769.277
7769.277
7769.277
7766.5071
7763.7288
7763.7288
7763.7288
7763.7288
7759.0513
7757.318
7757.318
7757.318
7757.318
7756.9254
7756.9254
7755.1196
7755.1196
7755.1196
7755.1142
7755.1142
7754.2701
7753.2433
7753.2433
7749.6504
7749.6504
7749.6504
7749.3135
7748.924
7748.8988
7748.8988
7748.8988
7748.8988
7748.8311
7748.8311
7748.0726
7747.7613
7744.5576
7744.2613
7742.4382
7742.4382
7741.6251
7739.5211
7739.5211
7738.2327
7738.2327
7738.2327
7736.0015
7735.5279
7735.5279
7735.5279
7735.4529
7735.4529
7735.4529
7735.4529
7730.4909
7730.2458
7728.7019
7728.7019
7728.7019
7728.2848
7728.2676
7728.2676
7728.2676
7727.8008
7727.8008
7727.8008
7725.6002
7725.6002
7717.787
7717.787
7717.4203
7717.4203
7714.805
7714.7222
7710.3923
7710.0318
7710.0318
7709.9604
7709.9604
7709.8578
7709.1445
7709.1445
7708.9067
7708.9067
7708.8187
7705.6478
7703.6995
7703.6995
7703.6995
7703.5665
7702.7039
7702.7039
7702.7039
7702.7039
7700.1205
7699.1503
7699.1503
7699.1503
7699.1503
7694.9009
7694.7958
7694.7958
7694.4475
7692.9335
7692.9335
7692.2061
7691.7273
7691.7273
7690.1068
7690.1068
7690.1068
7690.1068
7690.1068
7687.7091
7686.3275
7685.7712
7685.7712
7685.593
7685.4007
7685.4007
7674.7458
7674.7458
7674.7266
7674.4125
7674.4125
7674.4125
7673.2127
7673.2127
7673.2095
7673.2095
7673.2095
7673.2095
7653.5241
7653.5241
7653.2913
7653.2913
7653.246
7651.6643
7651.6643
7651.5878
7651.2506
7649.714
7649.3703
7649.3703
7646.2805
7646.2805
7644.0201
7641.4233
7641.3631
7639.9319
7639.3953
7639.3953
7638.2954
7638.2954
7638.2954
7638.0865
7638.0865
7638.0865
7637.9826
7637.9826
7628.5279
7628.3631
7628.3631
7628.3631
7628.3631
7627.8377
7627.7574
7627.7574
7627.0509
7625.7325
7625.7325
7624.6352
7619.4698
7619.4698
7619.4698
7613.2084
7613.2084
7595.3473
7594.5709
7594.5709
7588.2692
7585.4644
7585.4644
7585.2838
7585.2838
7585.2838
7585.2365
7585.0235
7584.9838
7584.9838
7584.9838
7584.5177
7584.5177
7582.427
7582.427
7580.2759
7579.9269
7578.2716
7577.9983
7577.9328
7577.9328
7577.9328
7577.9328
7577.8678
7573.2804
7573.2804
7573.2804
7572.1299
7572.1299
7572.0989
7571.2235
7570.7855
7570.0734
7570.0734
7569.8666
7569.5445
7569.5445
7569.5445
7569.5445
7569.2167
7567.0655
7567.0131
7567.0131
7567.0131
7566.5913
7565.8402
7565.8402
7563.6062
7563.6062
7563.013
7562.9074
7561.9658
7561.647
7548.5404
7548.5404
7540.5037
7538.1553
7538.1553
7538.1553
7538.1553
7534.1835
7533.5137
7533.5137
7533.0959
7533.0959
7533.0396
7532.0673
7532.0673
7532.0673
7532.0673
7531.9855
7531.9855
7531.9855
7531.9855
7531.9855
7531.9558
7531.9558
7531.8516
7531.1071
7531.1071
7530.9944
7530.9944
7530.9736
7530.9736
7530.1451
7530.1451
7529.1762
7528.5782
7528.5782
7527.7158
7527.7158
7527.7158
7527.0784
7527.0784
7518.2692
7517.6202
7517.5996
7517.3423
7517.3423
7517.338
7516.8388
7516.8388
7516.2317
7515.8725
7514.1505
7512.8376
7512.8376
7512.8376
7512.8376
7512.6112
7510.9689
7510.9689
7508.0921
7508.0921
7507.9268
7505.2157
7505.2157
7505.2157
7504.7784
7504.7784
7504.7784
7504.7784
7503.0964
7503.01
7503.01
7503.01
7503.01
7502.6598
7502.6598
7502.6598
7501.253
7501.253
7498.2917
7494.9291
7494.5709
7493.9531
7492.7963
7492.7141
7492.7141
7492.7141
7492.7141
7492.7141
7490.5987
7490.5987
7490.5987
7490.5987
7489.4902
7489.4902
7489.4902
7489.4902
7489.4902
7489.4677
7489.4677
7488.0461
7488.0461
7488.0461
7486.7147
7486.7147
7485.831
7483.1951
7483.1951
7483.1712
7483.1712
7482.4383
7482.4383
7482.4383
7482.4383
7482.4383
7482.4383
7477.0716
7477.0716
7476.466
7476.466
7476.466
7472.1827
7472.1827
7470.9163
7468.5681
7468.5681
7466.1529
7466.1529
7466.1529
7466.1529
7466.1361
7466.1265
7465.6206
7465.6206
7465.6206
7463.8808
7463.8808
7462.8088
7462.8088
7462.8088
7461.771
7461.771
7460.4591
7460.4591
7460.4591
7459.2592
7459.1846
7457.4764
7456.9658
7456.9658
7456.931
7456.931
7453.7585
7453.7585
7453.209
7446.9229
7446.9229
7445.4102
7445.4102
7445.4102
7445.4102
7445.4102
7445.4102
7444.7311
7444.3782
7436.9592
7436.9592
7436.9592
7432.7672
7432.581
7432.581
7432.581
7432.581
7432.276
7432.276
7432.276
7416.5914
7409.2384
7408.7126
7407.269
7405.0786
7405.0786
7404.8297
7404.8297
7404.8297
7404.4486
7404.4486
7403.877
7403.877
7395.1253
7395.0321
7395.0282
7395.0282
7394.6447
7394.6447
7394.0947
7394.0947
7393.774
7393.7641
7393.1129
7392.4694
7392.4694
7385.977
7383.9906
7383.4116
7382.9294
7382.9294
7382.9294
7382.7651
7382.7651
7382.7651
7382.7651
7372.0715
7370.6497
7361.0696
7352.3087
7351.7062
7351.7062
7351.7062
7349.5863
7349.5863
7349.5863
7342.7145
7342.7145
7342.7145
7342.7145
7340.2791
7340.2791
7335.4037
7334.2409
7334.2409
7331.9977
7331.8119
7331.8119
7331.5113
7328.8422
7328.5304
7328.5304
7328.3305
7326.3481
7326.3481
7326.3481
7326.3481
7326.3481
7326.3481
7323.7145
7318.8155
7318.8155
7318.284
7314.8417
7314.8417
7314.5178
7314.5178
7314.4985
7314.1345
7314.1345
7313.9898
7313.9898
7313.9898
7310.6424
7310.1356
7310.1356
7310.0758
7310.0758
7310.0758
7310.0758
7309.1473
7307.1482
7307.1482
7301.0495
7300.9076
7300.9076
7300.8873
7300.8873
7300.3699
7299.0672
7298.9837
7298.3769
7298.3769
7298.3769
7298.3769
7294.132
7293.9741
7291.7226
7291.7226
7291.2022
7291.2022
7291.2022
7290.9593
7290.0008
7279.9799
7279.9799
7279.9799
7279.9799
7279.9799
7279.8579
7279.8579
7279.8579
7279.8579
7279.8579
7262.0001
7255.4916
7245.3608
7237.5253
7234.4405
7234.4405
7234.4405
7234.4405
7232.5163
7229.948
7229.948
7229.948
7229.948
7229.8038
7229.6485
7229.4904
7229.4904
7228.6693
7228.6693
7228.6693
7228.5428
7228.469
7227.0726
7227.0726
7222.1027
7222.1027
7222.1027
7220.9806
7220.7294
7220.61
7220.61
7220.61
7220.4116
7220.4116
7220.4116
7219.8627
7219.5409
7199.7535
7199.2829
7199.2829
7199.2829
7196.7295
7196.7295
7179.5955
7179.5955
7179.5955
7178.7109
7178.7109
7177.9094
7175.183
7175.183
7174.5338
7171.8288
7171.6079
7171.3484
7171.1678
7171.1678
7170.6888
7170.6888
7170.6888
7170.6888
7170.0222
7170.0222
7169.7109
7169.3897
7169.0468
7168.9377
7168.9377
7161.0439
7160.7868
7159.4499
7159.4499
7157.0976
7153.4626
7149.0758
7149.0336
7148.6703
7148.6703
7148.6703
7148.6703
7147.72
7147.72
7147.4858
7147.4858
7144.5189
7144.5189
7144.5189
7144.5189
7144.5189
7144.5189
7141.337
7140.1478
7140.1478
7138.3909
7138.3253
7138.3253
7138.3253
7137.4559
7137.4559
7137.4559
7137.3911
7137.3682
7137.3682
7137.3682
7137.3682
7137.3682
7136.5883
7136.5883
7133.8851
7133.8851
7133.8851
7133.8851
7133.8851
7133.8851
7133.8851
7133.0179
7132.9864
7132.5605
7129.4046
7129.1308
7127.3235
7127.3235
7127.3235
7127.3235
7127.3235
7127.3235
7127.3235
7127.3235
7126.7564
7124.8694
7124.8694
7124.8694
7124.8694
7124.8694
7124.8694
7124.8694
7124.8694
7124.8354
7124.8354
7124.8354
7124.8354
7124.8354
7124.8354
7124.8354
7123.7453
7123.5988
7120.9061
7120.9061
7120.9061
7120.9061
7120.9061
7118.8163
7118.8163
7118.8163
7118.3898
7116.0258
7111.6482
7108.7135
7108.5852
7108.5852
7108.5852
7108.5852
7108.5852
7108.5852
7107.7562
7107.5456
7107.5456
7107.5456
7107.5456
7107.5456
7105.5879
7105.5879
7105.506
7105.506
7105.506
7105.506
7105.506
7105.4645
7105.4645
7105.4645
7104.9306
7104.4564
7104.4564
7104.4564
7104.4564
7104.4564
7104.4564
7104.4564
7104.4564
7104.4564
7104.0144
7104.0144
7104.0144
7100.3846
7100.3846
7100.3551
7100.3399
7100.3399
7093.0836
7093.0836
7093.0836
7092.9921
7092.9921
7092.9921
7092.9921
7092.9921
7092.9921
7092.9921
7092.4467
7092.4467
7092.4467
7088.5189
7088.039
7087.3814
7077.8627
7077.7786
7077.7786
7077.7786
7077.626
7076.6808
7076.6071
7075.5158
7066.2047
7066.2047
7065.9749
7065.9749
7065.9749
7065.9749
7064.8848
7064.3883
7064.0685
7064.0685
7064.0685
7064.0685
7064.0685
7064.0685
7064.0003
7063.9955
7063.5612
7063.5612
7063.5612
7063.5042
7062.7891
7062.7891
7062.7891
7062.7891
7053.7092
7053.7092
7053.7092
7051.9237
7051.7874
7049.1037
7049.1037
7049.1037
7043.3606
7043.3606
7043.3606
7038.4905
7038.4905
7038.4905
7038.4905
7037.861
7037.861
7036.325
7036.325
7036.325
7036.325
7036.325
7036.325
7036.325
7035.6948
7035.6948
7030.0046
7030.0046
7030.0046
7029.1835
7029.1835
7029.1835
7028.7379
7028.7379
7028.1949
7028.0099
7027.6257
7024.5248
7024.4214
7024.4214
7021.0001
7020.5442
7019.9956
7019.9956
7019.4579
7019.4579
7019.4579
7019.4579
7019.3885
7016.5638
7015.9814
7015.9814
7015.9814
7015.717
7015.717
7013.8084
7013.5925
7013.5494
7013.4341
7013.4341
7013.4341
7013.4341
7013.3081
7013.3081
7013.3081
7013.3081
7013.3081
7013.1747
7013.1747
7013.1747
7013.1747
7013.1747
7013.1747
7012.9335
7012.7956
7012.7956
7012.7956
7012.7848
7012.7008
7011.6339
7006.5088
7006.5088
7006.5088
7005.9056
7005.6949
7005.6949
7005.3353
7005.3353
7004.7291
7004.7291
7004.0239
7004.0239
7004.0239
7003.6168
7000.0566
6999.2182
6999.2182
6994.9302
6994.9302
6994.9302
6994.9302
6994.9302
6994.9302
6994.9302
6994.9302
6994.5329
6994.5329
6994.5329
6994.2686
6993.7508
6991.9204
6990.6223
6989.8448
6989.7896
6989.7896
6989.7896
6989.7896
6989.7233
6989.338
6989.3264
6989.3264
6989.3264
6988.9427
6988.9427
6984.3785
6984.3785
6984.3785
6984.3186
6984.2794
6981.9644
6981.9644
6981.9644
6981.7587
6979.024
6979.024
6979.024
6978.9787
6978.9787
6978.9787
6978.0909
6976.2814
6976.2814
6976.2814
6976.2559
6974.4303
6974.4303
6974.4303
6966.08
6966.08
6966.08
6965.9672
6965.9672
6965.9672
6964.496
6962.8473
6961.3698
6961.3698
6961.3698
6961.3698
6961.3698
6957.2941
6957.2941
6957.2941
6957.1892
6957.1892
6954.9992
6954.9992
6954.9992
6954.9992
6954.9992
6954.9992
6954.9992
6954.9992
6954.9992
6954.9992
6954.9992
6954.9992
6954.7816
6954.7816
6954.7816
6954.4696
6953.9086
6953.9086
6953.9086
6953.9086
6953.9086
6953.0728
6953.0728
6953.0728
6952.4811
6952.4811
6952.4811
6952.4811
6952.4811
6951.7775
6951.7775
6951.7775
6951.7775
6951.2951
6951.2951
6949.0262
6949.0262
6949.0262
6949.0262
6949.0262
6949.0262
6948.8561
6948.8561
6948.3364
6948.3364
6948.3001
6948.3001
6948.3001
6948.3001
6948.3001
6947.676
6947.676
6947.3019
6944.1128
6940.6842
6940.4764
6940.4764
6940.4764
6940.4764
6940.4764
6940.4764
6940.4764
6940.4764
6940.4764
6940.1565
6938.1058
6937.6255
6937.6255
6937.6255
6937.6255
6937.6255
6937.6255
6937.6255
6937.6255
6937.4498
6937.4498
6937.431
6937.431
6937.3532
6937.3532
6937.3532
6935.4107
6935.095
6935.095
6935.095
6935.095
6934.8044
6934.8044
6934.8044
6934.3499
6925.7617
6925.1964
6925.1964
6925.1964
6923.8856
6923.8856
6923.7771
6923.7532
6923.7532
6923.7532
6923.7129
6923.7129
6923.7129
6923.7129
6923.2764
6919.5246
6919.5246
6919.5246
6919.5246
6919.5246
6915.7788
6913.44
6913.44
6913.44
6913.44
6913.4261
6912.3398
6911.0273
6911.0273
6910.1522
6906.6048
6906.6048
6906.6048
6906.6048
6906.4977
6906.4977
6906.4977
6906.4977
6906.4977
6906.3747
6906.3747
6905.0024
6905.0024
6905.0024
6905.0024
6904.5631
6903.9658
6899.3319
6898.5793
6893.649
6893.649
6893.649
6893.5772
6885.1894
6884.4318
6884.4318
6884.4318
6884.4318
6884.1607
6884.1607
6884.1607
6884.1607
6884.0074
6884.0074
6884.0074
6884.0074
6884.0074
6884.0074
6882.4492
6882.1189
6882.1189
6882.1189
6882.1189
6882.1189
6882.1189
6882.1189
6882.1189
6881.4673
6881.4673
6881.4673
6880.9087
6880.9087
6880.9087
6880.7616
6880.7616
6880.7616
6880.7616
6880.7616
6880.7444
6880.7444
6880.3166
6880.3166
6880.3166
6880.3166
6877.8342
6876.2809
6876.2809
6876.2809
6876.2809
6876.2809
6876.2809
6876.2809
6875.318
6875.318
6875.318
6875.318
6875.318
6875.318
6875.318
6874.4344
6874.4344
6872.207
6872.207
6872.207
6872.207
6872.207
6872.207
6871.9731
6871.9731
6871.9731
6871.9731
6871.5801
6871.5801
6871.5801
6871.5801
6871.5801
6871.5801
6869.6763
6869.6763
6869.6763
6869.6763
6869.6763
6869.6763
6869.6763
6869.6763
6869.6763
6869.6763
6869.5365
6869.5365
6869.5365
6868.4359
6868.4359
6868.4359
6868.4359
6868.4359
6868.4359
6868.4359
6868.4359
6868.4044
6868.4044
6868.4044
6868.313
6868.313
6868.313
6868.0253
6868.0253
6868.0253
6868.0253
6868.0253
6868.0253
6868.0253
6867.4625
6867.1346
6867.1107
6867.1107
6867.1107
6866.9827
6866.9827
6866.8529
6866.8529
6866.8529
6866.7683
6866.7683
6866.7683
6866.7683
6863.2547
6862.9896
6861.6354
6861.6354
6861.6354
6861.6354
6861.6354
6861.6354
6861.5561
6861.5561
6861.5561
6861.5561
6861.5561
6861.5561
6861.5561
6832.7628
6832.6044
6832.4136
6832.4136
6832.4136
6832.4136
6832.4136
6832.4136
6832.014
6832.014
6832.014
6831.364
6830.9878
6830.9878
6830.9878
6830.5131
6828.7254
6828.7254
6826.1751
6821.7744
6818.6149
6818.6149
6818.6149
6818.6149
6818.6149
6818.6149
6818.6149
6818.3281
6813.0691
6813.0691
6808.207
6808.207
6808.207
6808.207
6808.207
6808.207
6805.0244
6803.1494
6801.7666
6801.339
6801.339
6801.339
6801.2968
6801.2968
6801.2968
6801.2968
6801.2968
6801.0411
6801.0411
6800.655
6800.655
6800.655
6800.655
6800.655
6800.655
6800.655
6800.655
6800.655
6800.6192
6800.553
6800.553
6800.553
6800.553
6800.553
6800.553
6800.4871
6800.4871
6800.4871
6800.3341
6800.3341
6800.3341
6800.3341
6800.3341
6799.2406
6799.1378
6799.1378
6799.1378
6799.1378
6799.1378
6799.1378
6799.1378
6799.1378
6798.5243
6798.5243
6798.1306
6793.5183
6793.5183
6793.5183
6793.5183
6793.5183
6793.5183
6793.5183
6793.5183
6793.5183
6786.3848
6786.3848
6780.1939
6780.1939
6780.1939
6780.1939
6778.4434
6776.1883
6776.1883
6774.7237
6774.6308
6768.7231
6768.2833
6768.2833
6768.2833
6768.2833
6768.2833
6768.2833
6766.1397
6766.0536
6766.0536
6765.2286
6765.0495
6765.0495
6764.9439
6764.9439
6764.9439
6764.4738
6764.4738
6764.4738
6764.4738
6764.2959
6764.2959
6764.2959
6764.2959
6764.2959
6764.2959
6764.2959
6764.2959
6764.2959
6764.2959
6764.2959
6764.2959
6764.2959
6764.2959
6764.2959
6764.2959
6756.8323
6756.8323
6756.8323
6756.8323
6756.8323
6739.9776
6739.9776
6739.1017
6739.1017
6739.0516
6738.5902
6738.5902
6737.7891
6737.4441
6737.4441
6737.4441
6737.3493
6737.3493
6737.3493
6737.3493
6737.3493
6735.6114
6734.1815
6733.4779
6733.0016
6733.0016
6733.0016
6733.0016
6732.8579
6730.1829
6729.8633
6729.8368
6729.8252
6729.8252
6729.8252
6729.8252
6729.8252
6726.3443
6725.979
6725.979
6725.979
6725.849
6725.849
6725.849
6725.849
6725.849
6725.849
6725.849
6725.849
6725.849
6725.849
6725.849
6725.849
6725.849
6725.849
6725.849
6725.849
6725.849
6725.849
6725.849
6725.849
6725.849
6725.849
6725.849
6725.849
6725.849
6724.5115
6724.5115
6724.3627
6724.3627
6724.3627
6724.3627
6724.3627
6724.3627
6724.2354
6724.2354
6724.2354
6724.2354
6724.022
6723.2321
6723.2321
6723.2321
6723.2321
6723.2321
6723.2321
6723.2321
6723.1581
6723.1581
6723.1026
6723.0862
6723.0862
6723.0862
6723.0862
6721.7212
6721.1895
6721.1024
6721.1024
6721.1024
6721.1024
6720.99
6720.99
6720.99
6720.99
6719.3532
6719.3532
6719.3532
6719.3532
6719.3364
6719.2301
6719.2301
6719.2301
6718.8913
6718.8913
6718.8913
6718.8913
6718.8913
6718.8913
6718.2313
6718.2313
6718.2313
6718.2313
6718.2313
6718.2313
6718.2313
6718.2313
6718.2313
6718.2313
6718.1086
6718.0843
6717.913
6717.8701
6717.8701
6717.8701
6717.8701
6717.8701
6717.8701
6717.8156
6716.9506
6716.9506
6716.9506
6716.9506
6716.9506
6716.9506
6716.4118
6716.4118
6716.3519
6716.3519
6716.3519
6716.2167
6716.2167
6716.2167
6716.2167
6715.9211
6715.9211
6715.9211
6715.9211
6715.9211
6715.9211
6709.3166
6709.3166
6709.3166
6709.3166
6709.3166
6709.3166
6709.2996
6709.2996
6709.2996
6706.8793
6704.9046
6704.9046
6704.9046
6704.3872
6704.3872
6704.3872
6704.3872
6704.3872
6704.3872
6679.3144
6679.3144
6679.3144
6676.7207
6667.6201
6667.6201
6666.4269
6666.4269
6666.4269
6666.4269
6666.4269
6666.2516
6666.2516
6666.2516
6666.2516
6665.6171
6665.6171
6665.6171
6665.3146
6665.3146
6665.3146
6665.3146
6665.3146
6665.2658
6665.2658
6665.2658
6665.2658
6665.2658
6665.2658
6665.2658
6665.2658
6665.2634
6665.2634
6665.2634
6665.2634
6665.2044
6665.2044
6665.2044
6665.2044
6665.2044
6665.1631
6665.1631
6664.5666
6664.5666
6664.5666
6664.5177
6664.5177
6664.5177
6663.8228
6663.317
6663.317
6663.317
6663.317
6663.317
6663.317
6663.1826
6663.1826
6663.1826
6663.1826
6663.1826
6663.1826
6663.1826
6658.3917
6658.3917
6654.2083
6651.0206
6651.0206
6651.0206
6651.0206
6651.0206
6651.0206
6651.0206
6651.0206
6650.6952
6650.6172
6650.6172
6650.4056
6650.4056
6650.4056
6648.7236
6648.7236
6648.7236
6648.7236
6648.7236
6648.6738
6648.6738
6648.6738
6647.9953
6647.7979
6647.7263
6647.7263
6647.6459
6647.6459
6647.6459
6647.6459
6647.1809
6647.1809
6647.1809
6647.1809
6647.1809
6642.3229
6640.7297
6640.7297
6640.7297
6639.8828
6639.8828
6638.7091
6636.9542
6636.9542
6636.9542
6636.9542
6635.9756
6635.9756
6635.9756
6635.9756
6634.3422
6634.3422
6633.9657
6633.9657
6631.2466
6631.2466
6631.2466
6629.1135
6629.1065
6629.1065
6629.1065
6629.1065
6628.5522
6621.7536
6621.7536
6621.7536
6614.496
6614.3351
6614.3351
6614.3351
6614.3351
6614.3351
6614.3351
6614.2932
6614.2829
6614.2829
6614.2829
6614.2829
6614.2829
6612.6781
6612.6781
6612.55
6612.55
6612.55
6612.55
6611.2903
6611.2903
6611.2903
6611.2903
6611.2903
6610.8806
6610.6344
6610.6344
6610.3231
6609.9875
6609.9875
6609.9875
6602.0947
6602.0947
6602.0947
6602.0947
6602.0947
6602.0947
6602.0947
6602.0947
6602.0947
6602.0947
6602.0272
6601.6349
6601.6349
6601.6349
6601.6349
6601.6349
6601.6349
6601.6349
6601.6349
6601.6349
6600.6628
6600.6628
6600.6628
6600.6628
6600.6628
6600.6628
6600.6628
6600.6628
6600.6628
6600.6628
6600.6383
6600.6383
6600.6383
6600.6383
6600.6383
6600.3442
6600.3442
6600.3442
6600.3442
6598.4879
6598.4879
6598.4879
6598.4879
6598.3894
6598.3894
6597.6195
6597.6195
6597.6195
6597.179
6597.179
6597.179
6597.179
6597.179
6597.179
6597.179
6597.179
6597.179
6596.9391
6596.9391
6596.9391
6596.9391
6596.9391
6594.8541
6594.7398
6594.7398
6594.0252
6594.0252
6594.0252
6594.0252
6594.0252
6594.0252
6594.0252
6594.0252
6594.0252
6594.0252
6594.0252
6594.0252
6593.5019
6593.5019
6593.5019
6593.5019
6593.5019
6593.4186
6593.4186
6592.2481
6591.5083
6591.5083
6591.2913
6591.2913
6591.2913
6591.2913
6591.2913
6589.1111
6589.1111
6589.1111
6588.9139
6588.8993
6588.8993
6588.8993
6588.8993
6588.8993
6588.8993
6588.8993
6588.8993
6582.0866
6579.9772
6579.9772
6579.7704
6579.7704
6579.7704
6579.7704
6579.7704
6577.4403
6573.6047
6573.6047
6509.6247
6509.6247
6509.6247
6509.6247
6509.4287
6509.4287
6509.3725
6509.3725
6509.3725
6509.3725
6509.1732
6509.1732
6501.7295
6501.7295
6501.7295
6501.5396
6501.5396
6501.4701
6501.4701
6501.4701
6501.4701
6501.2676
6501.2676
6501.2676
6500.8377
6500.7925
6500.7925
6500.7925
6500.7925
6500.7925
6500.0694
6500.0694
6500.0694
6499.9878
6499.9878
6499.9567
6499.9565
6499.9525
6499.9525
6499.9343
6499.9343
6499.8294
6499.8294
6499.8211
6499.8211
6499.8211
6499.8211
6499.8211
6499.8211
6499.8211
6499.7969
6499.7969
6499.7969
6499.7969
6499.7969
6499.7969
6499.7969
6499.7969
6493.4907
6493.4907
6493.4907
6493.4907
6493.4907
6493.4907
6493.4907
6493.4907
6493.4907
6493.4907
6492.0683
6490.4884
6490.4884
6490.4884
6490.4884
6490.4884
6490.4884
6490.4884
6490.4884
6490.4884
6486.3709
6486.3709
6486.3709
6486.3709
6486.3709
6486.3709
6486.3709
6486.3709
6484.6179
6484.6179
6484.6179
6484.6179
6484.6179
6484.6179
6482.2804
6482.2804
6481.7748
6481.7748
